"TIME"	"1990"	"1991"	"1992"	"1993"	"1994"	"1995"	"1996"	"1997"	"1998"	"1999"	"2000"	"2001"	"2002"	"2003"	"2004"	"2005"	"2006"	"2007"	"2008"	"2009"	"2010"	"2011"	"2012"	"2013"	"2014"	"2015"	"2016"	"2017"	"2018"	"2019"	"2020"	"2021"
"EU (27)"	283643.314	295613.633	307682.923	315769.002	325832.136	325232.689	327187.279	331757.379	342945.524	340826.948	350183.476	373413.537	312604.768	304656.615	323208.763	307010.362	309987.377	307704.522	325602.806	328999.338	371824.908	307425.376	331672.655	368013.319	370049.211	335988.205	345591.838	294345.965	343881.43	320259.491	347180.142	348317.829
"Belgium"	266	229	341	254	346	338	239	305	389	341	460	441	360	247	316.904	288	359.336	388.748	409.56	328	312	196	357	380	292.2	318.4	370	270.1	292.3	302	266.9	418.1
"Bulgaria"	1630	2268	1903	1787	1296	2174	2888	2724	3068	2732	2631	1651	2116	2995	3138.811	4297.428	4212.974	2829.847	2792.71	3431.712	5031.341	2871.581	3177.636	4036.138	4601.629	5654.542	3879.842	2828.103	5146.578	2929.499	2820.398	4819.205
"Czechia"	1161	1089	1402	1369	1460	2002	1969	1699	1396	1681	1758	2054	2492	1383	2019.2	2379.91	2550.3	2089.409	2024.335	2429.607	2789.474	1963.016	2129.143	2734.507	1908.749	1794.769	2000.036	1869.464	1628.83	2008.029	2143.884	2408.52
"Denmark"	28	25	28	28	33	30	19	19	27	31	30	28	32	21	27	23	23	28	26	19	20.642	16.868	17.476	13.419	15.104	18.03	19.272	17.871	14.862	16.955	17.064	16.294
"Germany"	17426	14891	17397	17878	19930	21780	21957	17357	17216	19647	21732	22733	23124	18321	20746	19638	20031	21169	20443	19031	20953	17672	21755	22998	19587	18976	20546	20150	17693	19731	18721	19658
"Estonia"	0	0	1	1	3	2	2	3	4	4	5	7	6	13	22	22	13.5	21.822	27.908	31.988	26.881	30.028	42.058	25.532	27.034	26.6	35	26	15	19	30	23
"Ireland"	697	746	817	765	920	713	722	678	916	847	847	596	912	598	630	631.26	724.273	666.576	968.323	901.734	599.231	706.687	802.349	599.497	708.654	806.49	681.025	691.603	694.09	886.584	932.655	749.342
"Greece"	1769	3099	2203	2282	2599	3529	4348	3882	3717	4592	3693	2097	2800	4766	4672.078	5017.497	5864.849	2591.422	3312.288	5352.558	7474.753	4011.165	4392.525	6346.921	4478.322	6098.194	5542.638	3962.547	5743.448	3999.598	3343.687	5903.439
"Spain"	25470	27245	18916	24420	28236	23080	39786	34753	33989	22823	28256	40888	21224	40483	31084	18393	25959	27309	23364	26411	42304	30596	20545	36865.017	39168.487	28140	36395.357	18322	34334	24646	30507	29626
"France"	52714.614	56324.933	67482.423	63304.946	77030.287	71331.895	64669.071	62112.642	60771.624	70820.88	64779.966	72622.304	58878.23	57352.128	58041.171	50139.149	54877.946	55989.95	62158.522	55494.548	61202.19	45743.862	59830.634	71920.432	63772.627	55556.272	60839.21	50001.257	65111.426	56913.549	62594.468	59624.978
"Croatia"	3917.2	5525.3	4349.1	4549.8	5434.9	5682.8	7862.7	5853.4	6021.4	7327.2	6452.9	7180.4	5851.4	5457.8	7626.6	7035.5	6617	4699.8	5780	7408.401	9126.203	5031.887	4836.9	8621.7	9006.12	6390.636	6852.099	5307.4	7700.9	5826.1	5662.4	7127.7
"Italy"	31626	42239	42200	41425	44658	37782	42037	41603	41220	45365	44199.446	46810.273	39519.358	36669.8	42337.877	36066.733	36994.311	32815.227	41622.96	49137.482	51116.764	45822.721	41874.893	52773.395	58545.441	45537.324	42431.756	36198.71	48786.414	46318.533	47551.784	45388.164
"Cyprus"	0	0	0	0	0	0	0	0	0	0	0	0	0	0	0	0	0	0	0	0	0	0	0	0	0	0	0	0	0	0	0	0
"Latvia"	4495.9	3275	2521	2875.7	3305.45	2936.772	1860.415	2953.058	4316.167	2757.185	2819.157	2833.105	2463.604	2266.192	3109.375	3325.289	2698.324	2733.395	3109.038	3457.102	3520.506	2886.968	3706.957	2912.008	1993.639	1860.355	2529.521	4380.62	2431.569	2107.554	2603.042	2707.796
"Lithuania"	414	338	311	393	452	373	326	296	417	415	340	326	354	325	421	451	397	421	402	424	540	480	423	521	399	349	454	602.4	431	345.4	300.6	383.7
"Luxembourg"	70	84	70	67	86	88	60	83	115	85	123.504	118.032	99.731	79.42	104.058	92.939	111.312	116.702	132.114	105.839	107.661	63	98.302	119.195	107.788	99.253	115.411	85.649	92.778	106.915	91.602	106.812
"Hungary"	178	194	158	166	161	163	207	216	155	181	178	186	194	171	204.68	202.153	185.746	209.993	212.951	228.285	188.384	222.03	212.939	213.125	301.477	233.711	259.315	220	222	219	244	212
"Malta"	0	0	0	0	0	0	0	0	0	0	0	0	0	0	0	0	0	0	0	0	0	0	0	0	0	0	0	0	0	0	0	0
"Netherlands"	85	104	120	92	100	88	80	92	112	90	142.43	117.279	110	72	95	88	106	107	102	98	105	57	104.388	114.312	112.2	92.7	100.079	60.757	72.348	74.182	46.066	88.143
"Austria"	31509	31443.4	34848.4	36705.556	35707.5	37067.222	34216.093	36105.278	37163.333	40698.683	41835.352	40455.406	40226.881	33214.992	36762.142	37095.138	35656.085	37054.453	38329.491	40896.304	38363.418	34237.171	43847.698	42016.72	41007.237	37156.866	39971.337	38293.75	37637.911	40825.97	41998.03	38751.33
"Poland"	1439.6	1425	1507	1488	1733	1887	1931	1961	2309	2155	2106	2325	2279	1671	2081.739	2200.885	2042.085	2352.138	2152.16	2375.131	2919.942	2331.379	2036.754	2438.873	2182.45	1832.196	2139.446	2559.581	1969.997	1958.416	2118.337	2339.182
"Portugal"	9144	9032	4609	8521	10653.999	8333	14753	13099.001	12977	7258	11323	14034	7800	15723	9869.001	4730.663	11002.179	10091.972	6799.047	8284.267	16147.897	11539.213	5622.715	13730.418	15568.913	8660.506	15723.323	5896.883	12393.349	8817.714	12082.581	11907.543
"Romania"	11411	14588	11700	12768	13046	16693	15755	17509	18879	18290	14778	14923	16046	13259	16513.053	20206.853	18355.343	15965.963	17195.75	15533.516	19882.884	14727.658	12066.294	14956.214	18804.575	16632.077	18028.207	14494.457	17664.206	15580.622	15381.243	17411.941
"Slovenia"	2950	3608	3423	3035	3399	3252	3673	3092	3449	3741	3834.721	3795.738	3312.564	2957.285	4094.128	3460.965	3590.917	3265.976	4017.863	4714.589	4517.955	3561.916	3898.866	4629.432	6091.554	3807.104	4503.277	3868.344	4704.32	4479.396	4934.06	4712.511
"Slovakia"	1880	1408	1937	3467	4355	4880	4227	4064	4267	4474	4615	4927	5268	3480	4100	4638	4399	4451	4039.332	4367.561	5255	3778.187	4103	4848	4209	3866	4359	4324	3590	4356	4517	4258
"Finland"	10859	13197	15107	13476	11787	12925	11860	12242	15051	12780	14660	13205	10776	9591	15069.615	13784	11493.691	14177.206	17112.132	12686.03	12921.994	12445.039	16859.128	12838.601	13397.044	16768.698	15799.127	14771.469	13301.104	12420.475	15883.341	15791.129
"Sweden"	72503	63236	74332	74651	59100	68102	51740	69056	75000	71691	78584	79060	66360	53539.998	60123.331	72803	61722.206	66158.923	69069.322	65851.684	66397.788	66434	78932	61360.863	63762.967	75312.482	62017.56	65143	62210	65371	72389	73885
"Iceland"	4204	4204	4310	4466	4515	4682	4772	5207	5621	6047	6356	6578	6977	7088	7134.235	7019.286	7292.997	8393.735	12427.434	12279.343	12592.081	12506.84	12336.529	12862.843	12873.016	13780.77	13469.596	14058.722	13813.688	13461.466	13156.972	13803.999
"Norway"	121145	110134	116671	119233	111643	121530	103862	109775	115703	121452	141818	120463	129372	105480	108781	135688	119369	133656	139044	125283	116739	120279	141724	128138	135470	137302	142807	142366	138981.358	125289.331	141804.76	143933.458
"Bosnia and Herzegovina"	0	0	0	0	0	0	0	0	0	0	0	0	0	0	0	0	0	0	0	0	0	0	0	0	5935	5551	5641	3790	6418	6101	4580	6690
"Montenegro"	0	0	0	0	0	0	0	0	0	0	0	0	0	0	0	1866	1750	1284	1539	2071	2750	1203.853	1477.087	2504.168	1751.65	1491	1843.191	1023.9	2113	1633.5	1447.8	2010.1
"Moldova"	0	0	0	0	0	0	0	0	0	0	0	0	0	0	0	0	0	0	0	0	79	76	33.892	45	59	50	39.33	48	44	65	47	68
"North Macedonia"	491	848	848	522	695	801	850	900	1083	1389	1170	626	757	1374	1481.99	1491.78	1649.589	1010.031	840.092	1270.349	2431.471	1433.12	1040.767	1583.966	1206.651	1865.192	1897.344	1110.278	1791.366	1163.673	1277.144	1451.623
"Albania"	2848	3518	3226	3314	3771	4204	5726	5028	4921	5284	4594	3555	3512	4885	5466	5373	5431	2788	3797	5201	7567	4132	4725	6959	4724.441	5895	7781.702	4524.979	8552.152	5183.847	5280.901	8921.94
"Serbia"	7494.9	9568.5	9170.837	8062.259	8916.743	9901.869	11484.877	10498.839	10324.398	11143.617	9821.278	9887.668	9927.594	8737.309	10620.34	11410.575	10350.296	9463.358	9564	10541	11891	8667	9286	10202.821	11003	10080	10791.907	9153.238	10639.646	9457.175	9034.496	11284.41
"Türkiye"	23148	22683	26568	33951	30586	35541	40475	39816	42229	34677	30879	24010	33683	35330	46084	39560.6	44244.238	35850.829	33269.806	35958.369	51795.431	52338.602	57864.952	59420.464	40644.663	67145.605	67230.883	58218.462	59938.425	88822.776	78094.369	55926.81
"Kosovo"	0	0	0	0	0	0	0	0	0	0	52	52	52	52	113	112	101	94	76	120	156	104.625	95.579	143.303	150.989	139.932	245.262	179.068	272.652	212.92	262.826	296.962
"Georgia"	0	0	0	0	0	0	0	0	0	0	0	0	0	0	0	0	0	0	0	0	0	0	0	8271.206	8335.337	8453.764	9329.241	9210.4	9949.4	8931.7	8248.2	10182.1
"SCOTLAND"	0	0	0	0	0	0	0	0	0	0	4665.3	3737.5	4455.4	2902	4474.8	4612.2	4224.9	4692.94	4704.47386	4858.903223	3258.107652	5329.64	4846.58	4369.47	5483.6	5814.03	4915.78	5356.2	4997.29	5382.73	6277.76	4880.92
