"Capacity - Technology"	"2020 - 1st quarter p"	"2019 - 4th quarter"	"2019 - 3rd quarter"	"2019 - 2nd quarter"	"2019 - 1st quarter"	"2018 - 4th quarter"	"2018 - 3rd quarter"	"2018 - 2nd quarter"	"2018 - 1st quarter"	"2017 - 4th quarter"	"2017 - 3rd quarter"	"2017 - 2nd quarter"	"2017 - 1st quarter"	"2016 - 4th quarter"	"2016 - 3rd quarter"	"2016 - 2nd quarter"	"2016 - 1st quarter"	"2015 - 4th quarter"	"2015 - 3rd quarter"	"2015 - 2nd quarter"	"2015 - 1st quarter"	"2014 - 4th quarter"	"2014 - 3rd quarter"	"2014 - 2nd quarter"	"2014 - 1st quarter"	"2013 - 4th quarter"	"2013 - 3rd quarter"	"2013 - 2nd quarter"	"2013 - 1st quarter"	"2012 - 4th quarter"	"2012 - 3rd quarter"	"2012 - 2nd quarter"	"2012 - 1st quarter"	"2011 - 4th quarter"	"2011 - 3rd quarter"	"2011 - 2nd quarter"	"2011 - 1st quarter"	"2010 - 4th quarter"
"Onshore Wind"	8357.04034053968	8353.08402676338	8352.85902676338	8313.25902676338	8135.15634053968	7933.95279298918	7836.39868081612	7736.29074114449	7680.10949400565	7331.04742563897	7331.48098577316	7154.86148532262	6867.24639575411	6297.98190659281	5937.19185019834	5631.01785340767	5550.25455201589	5397.99336831317	5311.05550374585	5187.72174938934	5155.00606236478	5079.47319504574	4949.56307398127	4843.41722991469	4593.07126196615	4588.75040518182	4509.92171401777	4408.8763612968	4141.75097347372	3764.99353561552	3609.49259316834	3372.59874833409	3174.81301146565	2897.8598067958	2715.46089068586	2629.29547786679	2496.66831258492	2486.15833694637
"Offshore Wind"	980.7825	980.7825	980.7825	980.7825	800.7825	627.8	472.5	258	210	247.000000000001	229.000000000001	180	180	180	180	180	180	187.35	187.35	187.35	187.35	197.35	197.35	197.35	197.35	190	190	190	190	190	190	190	190	190	190	190	190	190
"Shoreline wave / tidal"	21.918	21.918	21.918	21.918	21.918	19.918	19.918	19.918	17.918	17.918	17.918	17.918	17.918	13.007	7.307	7.307	7.307	7.638	7.638	7.638	7.638	7.388	6.638	6.638	5.888	6.748	6.748	5.61	5.61	6.748	4.86	4.86	3.56	2.56	2.56	2	2	2.45
"Solar photovoltaics"	364.977448039627	364.165861069243	362.455633338589	360.983881529725	359.977448039627	343.863897810381	336.70894665379	334.225309142889	317.50408541291	342.972872245231	321.014901694141	318.621413732306	314.701262615269	325.770489491192	323.660717184522	319.378239427626	303.764025134645	264.060272148266	217.728421367412	198.275435644264	184.078990338127	174.958522860154	162.607407488013	152.096682871935	143.266842867272	132.741393303187	123.379657743635	115.283337701779	102.629607138111	94.7435503389355	86.9740535192621	73.8134625131445	65.1814482841187	48.3166015821245	18.872929376427	8.83820954194689	4.27889537252246	2.40666654711503
"Small scale Hydro"	314.83567	313.90762	313.90762	313.90762	313.90762	313.36852	312.71577	312.54437	312.44437	313.18066	313.08166	283.328390000001	279.20539	291.19101	274.71271	243.94093	240.19443	232.34313	204.68624	200.59884	195.35904	188.63044	183.01214	180.30654	178.41974	170.60524	164.447050000001	162.08445	158.04375	157.72175	153.50545	153.16575	147.74385	146.00715	143.09095	140.96995	137.97165	135.91775
"Large scale Hydro"	1335.496	1335.496	1335.496	1335.496	1335.496	1335.496	1338.996	1338.996	1338.996	1335.496	1335.496	1335.496	1335.496	1335.596	1335.596	1335.596	1335.596	1339.096	1339.096	1339.096	1339.096	1339.096	1339.096	1339.096	1339.096	1339.096	1339.096	1339.096	1339.096	1339.096	1339.096	1339.096	1339.096	1339.096	1339.096	1339.096	1339.096	1321.096
"Landfill gas"	115.864	115.864	115.864	115.864	115.864	115.864	115.864	115.864	115.864	115.834	115.834	115.834	115.834	116.334	116.334	116.334	116.334	116.334	116.334	116.334	116.334	116.334	116.334	116.334	116.334	115.334	115.334	115.334	114.854	114.854	114.854	114.854	114.854	112.804	112.804	112.804	112.804	108.553
"Sewage sludge digestion"	7.248	7.248	7.248	7.248	7.248	7.248	7.248	7.248	7.248	7.248	7.248	7.248	7.248	7.248	7.248	7.248	7.248	6.9513	6.847	6.847	6.847	6.847	6.847	6.847	6.847	6.847	6.847	6.847	6.847	9.447	9.447	9.447	9.447	9.447	9.447	9.447	9.447	8.164
"Energy from waste"	69.337	69.337	32.557	32.557	32.557	17.5	17.5	17.5	17.5	17.5	17.5	17.5	17.5	17.5	17.5	17.5	17.5	17.5	17.5	17.5	17.5	17.5	17.5	17.5	17.5	17.5	17.5	17.5	17.5	17.7	17.7	17.7	17.7	10.5	10.5	10.5	10.5	10.5
"Animal Biomass (non-AD) 2"	12.5	12.5	12.5	12.5	12.5	12.5	12.5	12.5	12.5	12.5	12.5	12.5	12.5	12.5	12.5	12.5	12.5	12.5	12.5	12.5	12.5	12.5	12.5	12.5	12.5	12.5	12.5	12.5	12.5	12.5	12.5	12.5	12.5	12.5	12.5	12.5	12.5	12.5
"Anaerobic Digestion"	53.148	53.148	53.148	53.148	53.148	52.128	51.128	51.128	51.128	50.65	45.165	44.165	44.065	32.8672575029662	32.782803985652	32.2481780320872	32.0691717643465	29.1734340596189	28.6913129644783	26.8210216813873	26.7835646103053	26.1266695288732	24.0424846143296	23.839489164844	23.8505868680971	16.6055817445585	15.2846234893152	15.2813126256545	15.277	15.078	12.034	12.034	12.034	14.278	11.579	9.179	9.164	4.494
"Plant Biomass 3"	258.2188	258.2188	258.2188	258.2188	258.2188	258.0002	258.0002	258.0002	258.0002	220.6204	220.6204	220.6204	220.6204	196.092	189.592	189.547	189.437	177.2927	177.2927	177.2127	177.2127	173.6327	173.6327	173.5077	168.0077	103.0077	103.0077	103.0077	101.6147	92.9147	85.879	85.879	85.879	86.056	85.906	85.906	85.906	87.0942
"Total"	11891.3657585793	11885.6698078326	11846.954580102	11805.8828282931	11446.7737085793	11037.6394107996	10779.4775974699	10462.2146202874	10339.2121494186	10011.9673578842	9966.8589474673	9708.09268905493	9412.33444836938	8826.08766358697	8434.42508136851	8092.61720086738	7992.20417891488	7788.23220452105	7626.71917807774	7477.89474671499	7425.70535731321	7339.83652743477	7189.12280608361	7069.43264195147	6802.13113170152	6699.73532022956	6604.06574525072	6491.42016162424	6205.72303061183	5815.79653595446	5636.3420966876	5385.94796084723	5172.80830974977	4869.42455837793	4651.81677006229	4550.53563740874	4410.33585795744	4369.33395349349
