"GEO/TIME"	"1990"	"1991"	"1992"	"1993"	"1994"	"1995"	"1996"	"1997"	"1998"	"1999"	"2000"	"2001"	"2002"	"2003"	"2004"	"2005"	"2006"	"2007"	"2008"	"2009"	"2010"	"2011"	"2012"	"2013"	"2014"	"2015"	"2016"	"2017"
"EU (28)"	1088.5	1093.69	1065.71	1069.51	1063.8	1082.37	1130.58	1119.13	1127.61	1128.12	1133.27	1157.77	1145.78	1176.78	1188.66	1192.85	1194.79	1174.65	1180.28	1115.77	1163.13	1110.66	1110.62	1110.58	1065.56	1088.27	1110.08	1122.64
"Euro area (19 countries)"	728.64	745.13	732.03	730.49	726.89	741.37	772.27	768.48	784.18	789.28	796.26	817.5	811.13	834.49	842.22	845.19	846.08	829.81	836.07	789.88	822.91	785.83	784.39	786.91	752.53	768.22	781.07	787.12
"Belgium"	31.72	33.26	33.22	32.74	33.73	34.42	36.65	36.24	37.18	37.12	37.72	38.61	36.39	37.66	37.83	36.6	36.7	35.56	37	34.82	37.72	35.02	35.07	36.47	34.24	35.92	36.48	36.05
"Bulgaria"	16.19	12.26	10.93	10.77	10.84	11.44	11.58	10.7	10.31	9.15	9.07	9.09	9.07	9.75	9.65	10.14	10.51	10.33	9.98	8.6	8.84	9.26	9.23	8.77	8.99	9.49	9.65	9.89
"Czechia"	32.6	29.18	28.92	28.12	26.53	26.22	26.62	26.37	25.37	24.22	25.05	25.5	25	26.22	26.63	26.29	26.7	26.24	26.09	25.1	25.25	24.46	24.41	24.21	23.58	24.2	24.82	25.49
"Denmark"	13.46	14.22	14.03	14.5	14.52	14.82	15.43	15.08	15.05	15.01	14.72	15.13	14.8	15.13	15.37	15.5	15.67	15.72	15.53	14.79	15.52	14.8	14.23	14.07	13.59	14.03	14.44	14.62
"Germany"	229.54	227.77	221.17	222.31	218.28	221.6	231.11	227.1	225.88	221.87	220.15	223.81	220.21	223.68	221.79	218.72	223.6	210.7	218.05	205.96	220.04	209.23	212.17	217.45	208.6	212.01	216.72	218.71
"Estonia"	5.46	5.17	3.43	2.94	2.86	2.55	2.99	2.92	2.67	2.43	2.43	2.66	2.62	2.75	2.82	2.88	2.9	3.11	3.1	2.77	2.9	2.85	2.89	2.89	2.82	2.78	2.83	2.87
"Ireland"	7.34	7.46	7.37	7.62	7.89	8	8.36	8.69	9.42	10.04	10.81	11.28	11.32	11.67	11.96	12.65	13.31	13.34	13.36	11.92	12.01	10.95	10.67	10.79	10.82	11.21	11.59	11.76
"Greece"	14.7	15.01	15.1	15.14	15.45	15.83	16.94	17.42	18.32	18.25	18.69	19.3	19.65	20.69	20.47	20.96	21.55	22.05	21.37	20.51	18.96	18.84	16.97	15.28	15.52	16.5	16.69	16.75
"Spain"	57.27	59.75	60.69	60.01	62.87	64.18	65.75	68.66	72.33	74.95	80.02	84.03	85.35	90.72	95.05	98.08	95.81	98.4	94.83	87.78	89.09	86.48	82.83	80.73	79.19	80.35	82.46	84.33
"France"	136.26	144.91	145.6	144.17	141.83	143.61	150.21	147.95	153.52	154.75	155.42	161.11	156.86	158.88	160.91	160.19	157.8	153.88	155.87	149.49	154.02	147.3	151.59	154.14	143.76	146.74	148.72	148.95
"Croatia"	6.49	5.59	4.88	5.04	5.11	5.28	5.53	5.92	6.01	6.17	6	6.3	6.38	6.82	7	7.24	7.26	7.29	7.4	7.18	7.21	6.96	6.65	6.57	6.24	6.59	6.64	6.92
"Italy"	107.83	110.83	110.96	111.54	109.86	114.68	115.76	116.74	120.22	124.6	124.82	126.14	126.45	133.33	133.8	137.22	135.66	134.62	134.28	126.17	128.51	123.18	121.82	118.55	113.31	116.22	115.92	115.19
"Cyprus"	1.1	1.29	1.32	1.31	1.35	1.43	1.48	1.48	1.55	1.59	1.65	1.71	1.72	1.82	1.83	1.83	1.87	1.93	1.97	1.93	1.93	1.92	1.76	1.61	1.62	1.66	1.76	1.85
"Latvia"	6.42	6.26	5.16	4.48	4.06	3.85	3.79	3.72	3.6	3.39	3.25	3.57	3.62	3.8	3.91	4.02	4.19	4.35	4.15	4.04	4.12	3.87	4.03	3.86	3.89	3.79	3.82	4.01
"Lithuania"	9.67	10.16	6.37	4.9	4.73	4.59	4.48	4.52	4.47	4.05	3.77	3.92	4.09	4.21	4.4	4.67	4.93	5.21	5.13	4.64	4.81	4.78	4.9	4.78	4.88	4.86	5.1	5.35
"Luxembourg"	3.29	3.5	3.52	3.58	3.51	3.12	3.2	3.19	3.14	3.31	3.51	3.67	3.71	3.95	4.39	4.48	4.41	4.34	4.38	4.08	4.33	4.29	4.17	4.12	4	3.99	4.04	4.18
"Hungary"	19.54	18.48	16.19	16.17	16.13	16.14	16.71	16.01	16.09	16.35	16.15	16.94	17	17.7	17.58	18.74	18.46	17.44	17.44	17.07	17.45	17.49	16.47	16.58	16.22	17.4	17.83	18.51
"Malta"	0.34	0.39	0.4	0.43	0.42	0.46	0.39	0.57	0.43	0.43	0.45	0.4	0.37	0.4	0.45	0.46	0.47	0.48	0.5	0.45	0.5	0.49	0.51	0.53	0.55	0.58	0.58	0.62
"Netherlands"	45.81	48.28	47.85	49.61	48.97	50.74	54.99	52.18	52.26	52.3	52.1	52.96	53.03	53.84	54.61	54.08	53.77	53.08	53.92	51.69	55.34	51.67	51.83	51.94	47.65	49.2	49.89	50.34
"Austria"	19.34	20.84	20.26	20.66	20.33	21.38	23.03	22.65	23.29	23.5	23.73	25.16	25.37	26.66	27.05	27.65	27.5	27.19	27.32	26.09	27.69	26.81	26.71	27.85	26.86	27.43	27.85	28.42
"Poland"	59.79	60.16	58.97	63.43	61.4	62.83	66.37	65.05	59.86	58.31	55.06	55.46	54.9	56.54	58.09	58.49	61.21	61.61	62.4	61.52	66.28	64.67	64.43	63.25	61.55	62.3	66.6	70.95
"Portugal"	11.93	12.39	12.84	12.97	13.55	13.89	14.69	15.29	16.31	16.99	17.96	18.2	18.68	18.63	18.94	19.01	18.78	18.91	18.4	18.19	18.1	17.31	16.03	15.85	15.77	16.01	16.19	16.56
"Romania"	44.28	35.66	27.04	25.15	25.67	26.82	29.69	28.75	26.24	22.54	22.69	23.15	23.17	24.2	24.85	24.6	24.77	24.14	24.68	22.23	22.52	22.7	22.76	21.8	21.69	21.85	22.24	23.21
"Slovenia"	3.73	3.71	3.4	3.68	3.86	4.08	4.48	4.55	4.37	4.42	4.45	4.6	4.58	4.71	4.82	4.9	4.95	4.89	5.27	4.84	5.04	5.02	4.9	4.8	4.59	4.69	4.88	4.86
"Slovakia"	15.2	12.96	12.24	11.2	10.94	10.98	11.35	11.29	11.01	10.92	10.96	11.48	11.62	11.21	11.06	11.56	11.37	11.2	11.45	10.63	11.54	10.77	10.34	10.59	9.96	10.06	10.4	11.13
"Finland"	21.67	21.19	21.13	21.19	22.38	21.99	22.63	23.34	24.21	24.35	24.37	24.87	25.49	25.88	26.15	25.23	26.52	26.55	25.7	23.89	26.28	25.04	25.19	24.68	24.52	24.21	25.16	25.18
"Sweden"	31.15	31.47	33.23	33.69	34.28	35.05	36.01	35.3	35.62	35.19	34.98	34.45	34.23	34.03	33.95	33.67	33.23	33.3	32.39	31.39	34.03	32.32	32.27	31.51	31.06	31.54	32.38	32.58
"United Kingdom"	136.37	141.55	139.48	142.14	142.41	142.38	150.38	147.48	148.88	151.88	153.29	154.26	150.1	151.9	153.31	152.99	150.91	148.75	148.3	138.02	143.11	132.16	135.76	136.91	130.12	132.65	134.41	133.35
